0.0       0.0       0.0       0.0       0.0       0.0       0.0       0.0       0.0       0.0       0.0       
0.0       0.0       0.0       0.0014    0.0543    0.1054    0.0543    0.0014    0.0       0.0       0.0       
0.0       0.0       0.0228    0.3782    0.7393    0.8465    0.7393    0.3782    0.0228    0.0       0.0       
0.0       0.0014    0.3782    0.9321    0.9559    0.8465    0.9559    0.9321    0.3782    0.0014    0.0       
0.0       0.0543    0.7393    0.9559    0.3944    0.1054    0.3944    0.9559    0.7393    0.0543    0.0       
0.0       0.1054    0.8465    0.8465    0.1054    0.0       0.1054    0.8465    0.8465    0.1054    0.0       
0.0       0.0543    0.7393    0.9559    0.3944    0.1054    0.3944    0.9559    0.7393    0.0543    0.0       
0.0       0.0014    0.3782    0.9321    0.9559    0.8465    0.9559    0.9321    0.3782    0.0014    0.0       
0.0       0.0       0.0228    0.3782    0.7393    0.8465    0.7393    0.3782    0.0228    0.0       0.0       
0.0       0.0       0.0       0.0014    0.0543    0.1054    0.0543    0.0014    0.0       0.0       0.0       
0.0       0.0       0.0       0.0       0.0       0.0       0.0       0.0       0.0       0.0       0.0       
